7.664546947925314768e-01
-1.065334150438407690e+01
6.844749842560935882e+00
9.379951745146213327e+00
4.221234158906961298e+00
2.006568016230089846e+00
5.308570075753545225e+00
-2.866287652807400121e+01
-1.115620522604650500e+00
-7.715522831832007711e+00
-8.709217182334537455e+00
2.113959239158115899e+00
-5.760214684516890671e+00
5.791461147572305457e-01
-9.862024282717138490e+00
-2.079662395275387254e+01
-1.905810532409378144e+00
1.415643026032778273e+01
3.891086364943673104e+00
3.718544406124864476e+00
1.277779266921701407e+00
-6.123159792438684690e+00
-1.192238769667510923e+01
1.324189805613719528e+01
3.128103669674677789e+00
1.450845007362255146e+01
5.828246445132987397e+00
-5.697025695516494181e+00
6.005994450630976367e+00
-1.020770301009305747e+01
9.512906187886265741e+00
1.567768046935182902e+00
-1.245961589213099252e+01
1.020820815175167340e+01
-1.203202213343050708e+01
1.406940352717555243e+01
1.377740814735956576e+01
1.107217992739050594e+01
5.017065619378878516e+00
-1.045310416349249749e+01
2.418754821963855051e+00
1.569815881235545518e+01
2.235098190904296445e+01
-6.185598399115192159e+00
3.903705029944148919e+00
-4.476847745624038311e+00
1.363421200165769953e+00
-3.728872356212753481e+00
-6.361681032910547096e+00
-3.506859893332912925e+00
1.007824108648963435e+00
1.663284349163857456e+01
-1.525094429883783498e+01
5.049640097720322629e+00
-8.071663762179452917e-01
-8.203851855146804262e-01
-7.239629336098454715e+00
-1.172853542556307183e+01
7.098931594772706077e-01
-1.330423823499584657e+00
-6.308329451548980060e+00
5.108548451501704335e-01
-1.703310001304548393e+01
2.757467854341011382e+00
1.921004316184323812e+01
2.908530554617876795e+00
-1.153531318853575982e+01
2.923701138120231580e-01
-5.487117398335605856e-02
-5.857400101820324778e+00
-2.489397171272953457e-01
-2.273268932749364701e+00
1.187293894823470808e+00
-5.044374150207488583e+00
-1.912161703187115869e+00
-8.574120667186946321e+00
-2.948245242806125876e+00
-6.007392782176293800e+00
-2.687659982805342196e+01
-4.993459108964396265e+00
-6.886188143081559687e+00
3.982233446022660495e+00
2.823455632906485491e+00
-9.991156588860860666e+00
-4.762905446547284427e+00
1.273312199854447613e+01
3.832298655953077837e+00
-8.576998306185332765e+00
-1.602872004682082263e+01
-2.144393962052147629e+01
9.801733421590357764e+00
-2.788443000714037279e+00
-6.516916250088723217e+00
4.009415819213206333e+00
3.760541483223013959e+00
-1.100148015184700512e+01
-5.288686898039332007e+00
-1.446406694255441661e+00
9.053591157181877236e-01
-1.265887873300611410e+01
